Laghetti

1	0	1	<< job_type, singularity_type, res_matrix

0	<< num_regions
Start_res.dat

1	0	<< inverse_type, target_decrease
1	2	<< data_type, reg_mode

1.0	10	2	1	<< tolerance, max_iterations, error_mod, alpha_aniso

0.01	0.1	-10000000000.0	10000000000.0	<<  a_wgt, b_wgt, rho_min, rho_max

-54.11640437682968	-2.0	<<zmin, zmax
0	<< num_poly

120	<< num_electrodes
1 1	17
1 2	18
1 3	19
1 4	20
1 5	21
1 6	22
1 7	23
1 8	24
1 9	25
1 10	26
1 11	27
1 12	28
1 13	29
1 14	30
1 15	31
1 16	32
1 17	33
1 18	34
1 19	35
1 20	36
1 21	37
1 22	38
1 23	39
1 24	40
1 25	41
1 26	42
1 27	43
1 28	44
1 29	45
1 30	46
1 31	47
1 32	48
1 33	49
1 34	50
1 35	51
1 36	52
1 37	53
1 38	54
1 39	55
1 40	56
1 41	57
1 42	58
1 43	59
1 44	60
1 45	61
1 46	62
1 47	63
1 48	64
1 49	65
1 50	66
1 51	67
1 52	68
1 53	69
1 54	70
1 55	71
1 56	72
1 57	73
1 58	74
1 59	75
1 60	76
1 61	77
1 62	78
1 63	79
1 64	80
1 65	81
1 66	82
1 67	83
1 68	84
1 69	85
1 70	86
1 71	87
1 72	88
1 73	89
1 74	90
1 75	91
1 76	92
1 77	93
1 78	94
1 79	95
1 80	96
1 81	97
1 82	98
1 83	99
1 84	100
1 85	101
1 86	102
1 87	103
1 88	104
1 89	105
1 90	106
1 91	107
1 92	108
1 93	109
1 94	110
1 95	111
1 96	112
1 97	113
1 98	114
1 99	115
1 100	116
1 101	117
1 102	118
1 103	119
1 104	120
1 105	121
1 106	122
1 107	123
1 108	124
1 109	125
1 110	126
1 111	127
1 112	128
1 113	129
1 114	130
1 115	131
1 116	132
1 117	133
1 118	134
1 119	135
1 120	136

